kNorth
. . . . . . . .
1 1 1 1 1 1 1 1
1 1 1 1 1 1 1 1
1 1 1 1 1 1 1 1
1 1 1 1 1 1 1 1
1 1 1 1 1 1 1 1
1 1 1 1 1 1 1 1
1 1 1 1 1 1 1 1

kEast
1 1 1 1 1 1 1 .
1 1 1 1 1 1 1 .
1 1 1 1 1 1 1 .
1 1 1 1 1 1 1 .
1 1 1 1 1 1 1 .
1 1 1 1 1 1 1 .
1 1 1 1 1 1 1 .
1 1 1 1 1 1 1 .

kSouth
1 1 1 1 1 1 1 1
1 1 1 1 1 1 1 1
1 1 1 1 1 1 1 1
1 1 1 1 1 1 1 1
1 1 1 1 1 1 1 1
1 1 1 1 1 1 1 1
1 1 1 1 1 1 1 1
. . . . . . . .

kWest
. 1 1 1 1 1 1 1
. 1 1 1 1 1 1 1
. 1 1 1 1 1 1 1
. 1 1 1 1 1 1 1
. 1 1 1 1 1 1 1
. 1 1 1 1 1 1 1
. 1 1 1 1 1 1 1
. 1 1 1 1 1 1 1

kNorthEast
. . . . . . . .
1 1 1 1 1 1 1 .
1 1 1 1 1 1 1 .
1 1 1 1 1 1 1 .
1 1 1 1 1 1 1 .
1 1 1 1 1 1 1 .
1 1 1 1 1 1 1 .
1 1 1 1 1 1 1 .

kSouthEast
1 1 1 1 1 1 1 .
1 1 1 1 1 1 1 .
1 1 1 1 1 1 1 .
1 1 1 1 1 1 1 .
1 1 1 1 1 1 1 .
1 1 1 1 1 1 1 .
1 1 1 1 1 1 1 .
. . . . . . . .

kSouthWest
. 1 1 1 1 1 1 1
. 1 1 1 1 1 1 1
. 1 1 1 1 1 1 1
. 1 1 1 1 1 1 1
. 1 1 1 1 1 1 1
. 1 1 1 1 1 1 1
. 1 1 1 1 1 1 1
. . . . . . . .

kNorthWest
. . . . . . . .
. 1 1 1 1 1 1 1
. 1 1 1 1 1 1 1
. 1 1 1 1 1 1 1
. 1 1 1 1 1 1 1
. 1 1 1 1 1 1 1
. 1 1 1 1 1 1 1
. 1 1 1 1 1 1 1

kNorthNorth
. . . . . . . .
. . . . . . . .
1 1 1 1 1 1 1 1
1 1 1 1 1 1 1 1
1 1 1 1 1 1 1 1
1 1 1 1 1 1 1 1
1 1 1 1 1 1 1 1
1 1 1 1 1 1 1 1

kEastEast
1 1 1 1 1 1 . .
1 1 1 1 1 1 . .
1 1 1 1 1 1 . .
1 1 1 1 1 1 . .
1 1 1 1 1 1 . .
1 1 1 1 1 1 . .
1 1 1 1 1 1 . .
1 1 1 1 1 1 . .

kSouthSouth
1 1 1 1 1 1 1 1
1 1 1 1 1 1 1 1
1 1 1 1 1 1 1 1
1 1 1 1 1 1 1 1
1 1 1 1 1 1 1 1
1 1 1 1 1 1 1 1
. . . . . . . .
. . . . . . . .

kWestWest
. . 1 1 1 1 1 1
. . 1 1 1 1 1 1
. . 1 1 1 1 1 1
. . 1 1 1 1 1 1
. . 1 1 1 1 1 1
. . 1 1 1 1 1 1
. . 1 1 1 1 1 1
. . 1 1 1 1 1 1

kNorthNorthEast
. . . . . . . .
. . . . . . . .
1 1 1 1 1 1 1 .
1 1 1 1 1 1 1 .
1 1 1 1 1 1 1 .
1 1 1 1 1 1 1 .
1 1 1 1 1 1 1 .
1 1 1 1 1 1 1 .

kNorthNorthWest
. . . . . . . .
. . . . . . . .
. 1 1 1 1 1 1 1
. 1 1 1 1 1 1 1
. 1 1 1 1 1 1 1
. 1 1 1 1 1 1 1
. 1 1 1 1 1 1 1
. 1 1 1 1 1 1 1

kEastEastNorth
. . . . . . . .
1 1 1 1 1 1 . .
1 1 1 1 1 1 . .
1 1 1 1 1 1 . .
1 1 1 1 1 1 . .
1 1 1 1 1 1 . .
1 1 1 1 1 1 . .
1 1 1 1 1 1 . .

kEastEastSouth
1 1 1 1 1 1 . .
1 1 1 1 1 1 . .
1 1 1 1 1 1 . .
1 1 1 1 1 1 . .
1 1 1 1 1 1 . .
1 1 1 1 1 1 . .
1 1 1 1 1 1 . .
. . . . . . . .

kSouthSouthEast
1 1 1 1 1 1 1 .
1 1 1 1 1 1 1 .
1 1 1 1 1 1 1 .
1 1 1 1 1 1 1 .
1 1 1 1 1 1 1 .
1 1 1 1 1 1 1 .
. . . . . . . .
. . . . . . . .

kSouthSouthWest
. 1 1 1 1 1 1 1
. 1 1 1 1 1 1 1
. 1 1 1 1 1 1 1
. 1 1 1 1 1 1 1
. 1 1 1 1 1 1 1
. 1 1 1 1 1 1 1
. . . . . . . .
. . . . . . . .

kWestWestNorth
. . . . . . . .
. . 1 1 1 1 1 1
. . 1 1 1 1 1 1
. . 1 1 1 1 1 1
. . 1 1 1 1 1 1
. . 1 1 1 1 1 1
. . 1 1 1 1 1 1
. . 1 1 1 1 1 1

kWestWestSouth
. . 1 1 1 1 1 1
. . 1 1 1 1 1 1
. . 1 1 1 1 1 1
. . 1 1 1 1 1 1
. . 1 1 1 1 1 1
. . 1 1 1 1 1 1
. . 1 1 1 1 1 1
. . . . . . . .

kDirectionNone
1 1 1 1 1 1 1 1
1 1 1 1 1 1 1 1
1 1 1 1 1 1 1 1
1 1 1 1 1 1 1 1
1 1 1 1 1 1 1 1
1 1 1 1 1 1 1 1
1 1 1 1 1 1 1 1
1 1 1 1 1 1 1 1

